# collprof 0.9 output file
# Sun Mar 22 23:11:26 2009
# host: chic2i16
# Init clockdiff: 45.776367

MPI_Init:-:140736351563252:127:1237759886260035.000000
MPI_Comm_rank:1237759886260065.000000:0,2,4:140736351563240:1237759886260093.000000
MPI_Comm_size:1237759886260108.000000:0,2,4:140736351563164:1237759886260113.000000
MPI_Type_extent:1237759886260160.000000:2,4,4:140736351526028:1237759886260212.000000
MPI_Type_struct:1237759886260225.000000:2:140736351526032:140736351525968:140736351526048:140736351526016:1237759886260268.000000
MPI_Type_commit:1237759886260281.000000:140736351526016:1237759886260291.000000
MPI_Comm_rank:1237759886260295.000000:0,2,4:140736351525996:1237759886260300.000000
MPI_Comm_size:1237759886260304.000000:0,2,4:140736351525988:1237759886260308.000000
MPI_Bcast:1237759886260321.000000:590637648:1:2,4,4:0:0,2,4:1237759886288167.000000
MPI_Recv:1237759886288184.000000:140736351525728:1:906567952,192,192:0:222:0,2,4:140736351525936:1237759886288204.000000
MPI_Comm_rank:1237759886288236.000000:0,2,4:140736351524824:1237759886288241.000000
MPI_Barrier:1237759886288245.000000:0,2,4:1237759886399438.000000
MPI_Bcast:1237759886399443.000000:5570880:23296:11,8,8:0:0,2,4:1237759886404165.000000
MPI_Comm_rank:1237759886405899.000000:0,2,4:140736351526036:1237759886405909.000000
MPI_Comm_size:1237759886405954.000000:0,2,4:140736351526040:1237759886405960.000000
MPI_Comm_rank:1237759886405964.000000:0,2,4:140736351526044:1237759886405968.000000
MPI_Send:1237759886410841.000000:140736351526024:1:11,8,8:0:3:0,2,4:1237759886410921.000000
MPI_Barrier:1237759886410927.000000:0,2,4:1237759886411314.000000
MPI_Send:1237759889225445.000000:140736351557360:16:11,8,46909632806920:0:9:0,2,4:1237759889225492.000000
MPI_Reduce:1237759889225517.000000:586555776:6756576:1960:11,8,46909632806920:3:0:0,2,4:1237759889225678.000000
MPI_Reduce:1237759889225685.000000:140736351563148:140736351563176:1:2,4,46909632806916:3:0:0,2,4:1237759889225722.000000
MPI_Barrier:1237759889225737.000000:0,2,4:1237759889225876.000000
MPI_Reduce:1237759889225882.000000:140736351563152:140736351563256:1:11,8,8:3:0:0,2,4:1237759889225893.000000
MPI_Allreduce:1237759889225921.000000:140736351563112:140736351563264:1:11,8,8:3:0,2,4:1237759889226140.000000
MPI_Reduce:1237759889226145.000000:140736351563296:140736351563272:1:11,8,8:3:0:0,2,4:1237759889226156.000000
# Finalize clockdiff: 45.537949
MPI_Finalize:1237759889259307.000000:-
