# collprof 0.9 output file
# Sun Mar 22 23:11:26 2009
# host: chic2i22
# Init clockdiff: 10.967255

MPI_Init:-:140735174018052:127:1237759886260046.000000
MPI_Comm_rank:1237759886260071.000000:0,1,4:140735174018040:1237759886260100.000000
MPI_Comm_size:1237759886260113.000000:0,1,4:140735174017964:1237759886260119.000000
MPI_Type_extent:1237759886260165.000000:2,4,4:140735173980828:1237759886260220.000000
MPI_Type_struct:1237759886260233.000000:2:140735173980832:140735173980768:140735173980848:140735173980816:1237759886260283.000000
MPI_Type_commit:1237759886260295.000000:140735173980816:1237759886260307.000000
MPI_Comm_rank:1237759886260310.000000:0,1,4:140735173980796:1237759886260315.000000
MPI_Comm_size:1237759886260319.000000:0,1,4:140735173980788:1237759886260323.000000
MPI_Bcast:1237759886260336.000000:590637648:1:2,4,4:0:0,1,4:1237759886289636.000000
MPI_Recv:1237759886289662.000000:140735173980528:1:877146384,192,192:0:222:0,1,4:140735173980736:1237759886289685.000000
MPI_Comm_rank:1237759886289723.000000:0,1,4:140735173979624:1237759886289731.000000
MPI_Barrier:1237759886289736.000000:0,1,4:1237759886399187.000000
MPI_Bcast:1237759886399193.000000:5570880:23296:11,8,8:0:0,1,4:1237759886404564.000000
MPI_Comm_rank:1237759886406155.000000:0,1,4:140735173980836:1237759886406164.000000
MPI_Comm_size:1237759886406211.000000:0,1,4:140735173980840:1237759886406216.000000
MPI_Comm_rank:1237759886406223.000000:0,1,4:140735173980844:1237759886406227.000000
MPI_Send:1237759886411072.000000:140735173980824:1:11,8,8:0:2:0,1,4:1237759886411201.000000
MPI_Barrier:1237759886411207.000000:0,1,4:1237759886411347.000000
MPI_Send:1237759889213139.000000:140735174012160:16:11,8,46909632806920:0:5:0,1,4:1237759889213194.000000
MPI_Reduce:1237759889213238.000000:586555776:6756576:1960:11,8,46909632806920:3:0:0,1,4:1237759889220668.000000
MPI_Reduce:1237759889220673.000000:140735174017948:140735174017976:1:2,4,46909632806916:3:0:0,1,4:1237759889220692.000000
MPI_Barrier:1237759889220700.000000:0,1,4:1237759889225904.000000
MPI_Reduce:1237759889225910.000000:140735174017952:140735174018056:1:11,8,8:3:0:0,1,4:1237759889225922.000000
MPI_Allreduce:1237759889225951.000000:140735174017912:140735174018064:1:11,8,8:3:0,1,4:1237759889226178.000000
MPI_Reduce:1237759889226189.000000:140735174018096:140735174018072:1:11,8,8:3:0:0,1,4:1237759889226201.000000
# Finalize clockdiff: 5.006790
MPI_Finalize:1237759889259359.000000:-
