# collprof 0.9 output file
# Sun Mar 22 23:11:26 2009
# host: chic2h34
# Init clockdiff: 53.405762

MPI_Init:-:140735922035364:127:1237759886260312.000000
MPI_Comm_rank:1237759886260344.000000:0,3,4:140735922035352:1237759886260371.000000
MPI_Comm_size:1237759886260384.000000:0,3,4:140735922035276:1237759886260390.000000
MPI_Type_extent:1237759886260434.000000:2,4,4:140735921998140:1237759886260484.000000
MPI_Type_struct:1237759886260496.000000:2:140735921998144:140735921998080:140735921998160:140735921998128:1237759886260540.000000
MPI_Type_commit:1237759886260555.000000:140735921998128:1237759886260565.000000
MPI_Comm_rank:1237759886260569.000000:0,3,4:140735921998108:1237759886260574.000000
MPI_Comm_size:1237759886260577.000000:0,3,4:140735921998100:1237759886260582.000000
MPI_Bcast:1237759886260595.000000:590637648:1:2,4,4:0:0,3,4:1237759886289663.000000
MPI_Recv:1237759886289689.000000:140735921997840:1:730272016,192,192:0:222:0,3,4:140735921998048:1237759886289710.000000
MPI_Comm_rank:1237759886289742.000000:0,3,4:140735921996936:1237759886289747.000000
MPI_Barrier:1237759886289751.000000:0,3,4:1237759886400884.000000
MPI_Bcast:1237759886400890.000000:5570880:23296:11,8,8:0:0,3,4:1237759886403541.000000
MPI_Comm_rank:1237759886405112.000000:0,3,4:140735921998148:1237759886405125.000000
MPI_Comm_size:1237759886405169.000000:0,3,4:140735921998152:1237759886405175.000000
MPI_Comm_rank:1237759886405179.000000:0,3,4:140735921998156:1237759886405183.000000
MPI_Send:1237759886410006.000000:140735921998136:1:11,8,8:0:4:0,3,4:1237759886410093.000000
MPI_Barrier:1237759886410098.000000:0,3,4:1237759886411331.000000
MPI_Send:1237759889219831.000000:140735922029472:16:11,8,46909632806920:0:13:0,3,4:1237759889219873.000000
MPI_Reduce:1237759889219895.000000:586555776:6756576:1960:11,8,46909632806920:3:0:0,3,4:1237759889219987.000000
MPI_Reduce:1237759889219992.000000:140735922035260:140735922035288:1:2,4,46909632806916:3:0:0,3,4:1237759889220011.000000
MPI_Barrier:1237759889220015.000000:0,3,4:1237759889225925.000000
MPI_Reduce:1237759889225931.000000:140735922035264:140735922035368:1:11,8,8:3:0:0,3,4:1237759889225945.000000
MPI_Allreduce:1237759889225970.000000:140735922035224:140735922035376:1:11,8,8:3:0,3,4:1237759889226147.000000
MPI_Reduce:1237759889226152.000000:140735922035408:140735922035384:1:11,8,8:3:0:0,3,4:1237759889226164.000000
# Finalize clockdiff: 63.896179
MPI_Finalize:1237759889259262.000000:-
